0 0
1 1
1.41421353817 1.41421353817
1.732050776482 1.732050776482
2 2
2.23606801033 2.23606801033
2.449489831924 2.449489831924
2.645751237869 2.645751237869
2.82842707634 2.82842707634
3 3
3.162277698517 3.162277698517
3.316624879837 3.316624879837
3.464101552963 3.464101552963
3.605551242828 3.605551242828
3.741657495499 3.741657495499
3.872983455658 3.872983455658
4 4
4.12310552597 4.12310552597
4.2426404953 4.2426404953
4.358899116516 4.358899116516
4.47213602066 4.47213602066
4.582575798035 4.582575798035
4.690415859222 4.690415859222
4.795831680298 4.795831680298
4.898979663849 4.898979663849
5 5
5.099019527435 5.099019527435
5.196152210236 5.196152210236
5.291502475739 5.291502475739
5.385164737701 5.385164737701
5.477225780487 5.477225780487
5.567764282227 5.567764282227
5.656854152679 5.656854152679
5.744562625885 5.744562625885
5.830951690674 5.830951690674
5.916079998016 5.916079998016
6 6
6.082762718201 6.082762718201
6.164413928986 6.164413928986
6.24499797821 6.24499797821
6.324555397034 6.324555397034
6.403124332428 6.403124332428
6.48074054718 6.48074054718
6.557438373566 6.557438373566
6.633249759674 6.633249759674
6.708203792572 6.708203792572
6.782330036163 6.782330036163
6.855654716492 6.855654716492
6.928203105927 6.928203105927
7 7
7.071067810059 7.071067810059
7.141428470612 7.141428470612
7.211102485657 7.211102485657
7.280109882355 7.280109882355
7.348469257355 7.348469257355
7.416198253632 7.416198253632
7.483314990997 7.483314990997
7.549834251404 7.549834251404
7.615773200989 7.615773200989
7.68114566803 7.68114566803
7.745966911316 7.745966911316
7.81024980545 7.81024980545
7.874007701874 7.874007701874
7.937253952026 7.937253952026
8 8
8.062257766724 8.062257766724
8.124038696289 8.124038696289
8.185352325439 8.185352325439
8.246211051941 8.246211051941
8.306623458862 8.306623458862
8.366600036621 8.366600036621
8.426149368286 8.426149368286
8.485280990601 8.485280990601
8.544003486633 8.544003486633
8.602325439453 8.602325439453
8.660254478455 8.660254478455
8.717798233032 8.717798233032
8.774964332581 8.774964332581
8.831760406494 8.831760406494
8.888194084167 8.888194084167
8.944272041321 8.944272041321
9 9
9.0553855896 9.0553855896
9.110433578491 9.110433578491
9.165151596069 9.165151596069
9.219544410706 9.219544410706
9.27361869812 9.27361869812
9.327379226685 9.327379226685
9.380831718445 9.380831718445
9.433980941772 9.433980941772
9.486832618713 9.486832618713
9.539392471313 9.539392471313
9.591663360596 9.591663360596
9.643651008606 9.643651008606
9.695360183716 9.695360183716
9.746794700623 9.746794700623
9.797959327698 9.797959327698
9.848857879639 9.848857879639
9.899495124817 9.899495124817
9.949873924255 9.949873924255
10 10
10.0498752594 10.0498752594
10.09950447083 10.09950447083
10.14889144897 10.14889144897
10.19803905487 10.19803905487
10.24695110321 10.24695110321
10.29563045502 10.29563045502
10.34407997131 10.34407997131
10.39230442047 10.39230442047
10.44030666351 10.44030666351
10.48808860779 10.48808860779
10.53565406799 10.53565406799
10.58300495148 10.58300495148
10.63014602661 10.63014602661
10.67707824707 10.67707824707
10.72380542755 10.72380542755
10.7703294754 10.7703294754
10.81665420532 10.81665420532
10.86278057098 10.86278057098
10.90871238708 10.90871238708
10.95445156097 10.95445156097
11 11
11.04536056519 11.04536056519
11.09053611755 11.09053611755
11.13552856445 11.13552856445
11.18033981323 11.18033981323
11.22497177124 11.22497177124
11.2694272995 11.2694272995
11.31370830536 11.31370830536
11.35781669617 11.35781669617
11.40175437927 11.40175437927
11.44552326202 11.44552326202
11.48912525177 11.48912525177
11.53256225586 11.53256225586
11.57583713531 11.57583713531
11.61894989014 11.61894989014
11.66190338135 11.66190338135
11.7046995163 11.7046995163
11.74734020233 11.74734020233
11.78982639313 11.78982639313
11.83215999603 11.83215999603
11.87434196472 11.87434196472
11.91637516022 11.91637516022
11.95826053619 11.95826053619
12 12
12.04159450531 12.04159450531
12.08304595947 12.08304595947
12.12435531616 12.12435531616
12.1655254364 12.1655254364
12.20655536652 12.20655536652
12.2474489212 12.2474489212
12.28820610046 12.28820610046
12.32882785797 12.32882785797
12.36931705475 12.36931705475
12.4096736908 12.4096736908
12.44989967346 12.44989967346
12.48999595642 12.48999595642
12.52996444702 12.52996444702
12.56980514526 12.56980514526
12.6095199585 12.6095199585
12.64911079407 12.64911079407
12.68857765198 12.68857765198
12.72792243958 12.72792243958
12.76714515686 12.76714515686
12.80624866486 12.80624866486
12.84523296356 12.84523296356
12.88409900665 12.88409900665
12.9228477478 12.9228477478
12.96148109436 12.96148109436
13 13
13.03840446472 13.03840446472
13.07669639587 13.07669639587
13.11487674713 13.11487674713
13.15294647217 13.15294647217
13.19090557098 13.19090557098
13.2287569046 13.2287569046
13.26649951935 13.26649951935
13.3041343689 13.3041343689
13.34166431427 13.34166431427
13.37908840179 13.37908840179
13.41640758514 13.41640758514
13.45362377167 13.45362377167
13.49073791504 13.49073791504
13.52774906158 13.52774906158
13.56466007233 13.56466007233
13.60147094727 13.60147094727
13.6381816864 13.6381816864
13.67479419708 13.67479419708
13.71130943298 13.71130943298
13.7477273941 13.7477273941
13.78404903412 13.78404903412
13.8202753067 13.8202753067
13.85640621185 13.85640621185
13.89244365692 13.89244365692
13.92838859558 13.92838859558
13.96424007416 13.96424007416
14 14
14.03566837311 14.03566837311
14.07124710083 14.07124710083
14.10673618317 14.10673618317
14.14213562012 14.14213562012
14.17744731903 14.17744731903
14.21267032623 14.21267032623
14.24780654907 14.24780654907
14.28285694122 14.28285694122
14.31782150269 14.31782150269
14.35270023346 14.35270023346
14.38749504089 14.38749504089
14.42220497131 14.42220497131
14.45683193207 14.45683193207
14.49137687683 14.49137687683
14.52583885193 14.52583885193
14.56021976471 14.56021976471
14.59451961517 14.59451961517
14.62873840332 14.62873840332
14.6628780365 14.6628780365
14.69693851471 14.69693851471
14.73091983795 14.73091983795
14.7648229599 14.7648229599
14.79864883423 14.79864883423
14.83239650726 14.83239650726
14.86606884003 14.86606884003
14.89966487885 14.89966487885
14.93318462372 14.93318462372
14.96662998199 14.96662998199
15 15
15.03329658508 15.03329658508
15.06651878357 15.06651878357
15.09966850281 15.09966850281
15.1327457428 15.1327457428
15.16575050354 15.16575050354
15.19868373871 15.19868373871
15.23154640198 15.23154640198
15.26433753967 15.26433753967
15.29705810547 15.29705810547
15.32971000671 15.32971000671
15.36229133606 15.36229133606
15.39480400085 15.39480400085
15.42724895477 15.42724895477
15.45962524414 15.45962524414
15.49193382263 15.49193382263
15.52417469025 15.52417469025
15.55634880066 15.55634880066
15.58845710754 15.58845710754
15.6204996109 15.6204996109
15.65247631073 15.65247631073
15.68438720703 15.68438720703
15.71623325348 15.71623325348
15.74801540375 15.74801540375
15.77973365784 15.77973365784
15.81138801575 15.81138801575
15.84297943115 15.84297943115
15.87450790405 15.87450790405
15.90597343445 15.90597343445
15.93737697601 15.93737697601
15.96871948242 15.96871948242
16 16
16.03121948242 16.03121948242
16.06237792969 16.06237792969
16.09347724915 16.09347724915
16.12451553345 16.12451553345
16.15549468994 16.15549468994
16.18641471863 16.18641471863
16.21727561951 16.21727561951
16.24807739258 16.24807739258
16.27882003784 16.27882003784
16.30950737 16.30950737
16.34013557434 16.34013557434
16.37070465088 16.37070465088
16.40122032166 16.40122032166
16.43167686462 16.43167686462
16.46207809448 16.46207809448
16.49242210388 16.49242210388
16.52271080017 16.52271080017
16.5529460907 16.5529460907
16.58312416077 16.58312416077
16.61324691772 16.61324691772
16.64331626892 16.64331626892
16.67333221436 16.67333221436
16.70329284668 16.70329284668
16.73320007324 16.73320007324
16.76305389404 16.76305389404
16.79285621643 16.79285621643
16.82260322571 16.82260322571
16.85229873657 16.85229873657
16.88194274902 16.88194274902
16.91153526306 16.91153526306
16.94107437134 16.94107437134
16.9705619812 16.9705619812
17 17
17.02938652039 17.02938652039
17.05872154236 17.05872154236
17.08800697327 17.08800697327
17.11724281311 17.11724281311
17.14642906189 17.14642906189
17.17556381226 17.17556381226
17.20465087891 17.20465087891
17.23368835449 17.23368835449
17.26267623901 17.26267623901
17.29161643982 17.29161643982
17.32050895691 17.32050895691
17.34935188293 17.34935188293
17.37814712524 17.37814712524
17.40689468384 17.40689468384
17.43559646606 17.43559646606
17.46424865723 17.46424865723
17.49285507202 17.49285507202
17.52141571045 17.52141571045
17.54992866516 17.54992866516
17.57839584351 17.57839584351
17.60681724548 17.60681724548
17.63519287109 17.63519287109
17.66352081299 17.66352081299
17.69180679321 17.69180679321
17.72004508972 17.72004508972
17.74823951721 17.74823951721
17.77638816833 17.77638816833
17.80449295044 17.80449295044
17.83255386353 17.83255386353
17.86057090759 17.86057090759
17.88854408264 17.88854408264
17.91647338867 17.91647338867
17.94435882568 17.94435882568
17.97220039368 17.97220039368
18 18
18.0277557373 18.0277557373
18.05546951294 18.05546951294
18.0831413269 18.0831413269
18.1107711792 18.1107711792
18.13835716248 18.13835716248
18.16590118408 18.16590118408
18.19340515137 18.19340515137
18.22086715698 18.22086715698
18.24828720093 18.24828720093
18.27566719055 18.27566719055
18.30300521851 18.30300521851
18.33030319214 18.33030319214
18.3575592041 18.3575592041
18.38477706909 18.38477706909
18.41195297241 18.41195297241
18.43908882141 18.43908882141
18.46618461609 18.46618461609
18.49324226379 18.49324226379
18.52025985718 18.52025985718
18.54723739624 18.54723739624
18.57417488098 18.57417488098
18.6010761261 18.6010761261
18.62793540955 18.62793540955
18.65475845337 18.65475845337
18.68154144287 18.68154144287
18.7082862854 18.7082862854
18.73499488831 18.73499488831
18.76166343689 18.76166343689
18.7882938385 18.7882938385
18.81488800049 18.81488800049
18.8414440155 18.8414440155
18.86796188354 18.86796188354
18.89444351196 18.89444351196
18.92088699341 18.92088699341
18.94729614258 18.94729614258
18.97366523743 18.97366523743
19 19
19.02629852295 19.02629852295
19.05255889893 19.05255889893
19.07878494263 19.07878494263
19.10497283936 19.10497283936
19.13112640381 19.13112640381
19.15724372864 19.15724372864
19.18332672119 19.18332672119
19.20937347412 19.20937347412
19.23538398743 19.23538398743
19.26136016846 19.26136016846
19.28730201721 19.28730201721
19.31320762634 19.31320762634
19.3390789032 19.3390789032
19.36491584778 19.36491584778
19.39072036743 19.39072036743
19.41648864746 19.41648864746
19.44222259521 19.44222259521
19.46792221069 19.46792221069
19.49358940125 19.49358940125
19.51922035217 19.51922035217
19.54482078552 19.54482078552
19.57038497925 19.57038497925
19.5959186554 19.5959186554
19.62141609192 19.62141609192
19.64688301086 19.64688301086
19.67231559753 19.67231559753
19.69771575928 19.69771575928
19.72308349609 19.72308349609
19.74841690063 19.74841690063
19.7737197876 19.7737197876
19.79899024963 19.79899024963
19.82422828674 19.82422828674
19.84943389893 19.84943389893
19.87460708618 19.87460708618
19.89974784851 19.89974784851
19.92485809326 19.92485809326
19.94993782043 19.94993782043
19.97498512268 19.97498512268
20 20
20.02498435974 20.02498435974
20.0499382019 20.0499382019
20.07485961914 20.07485961914
20.0997505188 20.0997505188
20.12461090088 20.12461090088
20.14944076538 20.14944076538
20.1742401123 20.1742401123
20.19900894165 20.19900894165
20.22374916077 20.22374916077
20.24845695496 20.24845695496
20.27313423157 20.27313423157
20.29778289795 20.29778289795
20.32240104675 20.32240104675
20.34699058533 20.34699058533
20.37154960632 20.37154960632
20.39607810974 20.39607810974
20.42057800293 20.42057800293
20.44504737854 20.44504737854
20.46949005127 20.46949005127
20.49390220642 20.49390220642
20.51828384399 20.51828384399
20.54263877869 20.54263877869
20.5669631958 20.5669631958
20.59126091003 20.59126091003
20.61552810669 20.61552810669
20.63976669312 20.63976669312
20.66397857666 20.66397857666
20.68815994263 20.68815994263
20.71231460571 20.71231460571
20.73644065857 20.73644065857
20.76054000854 20.76054000854
20.78460884094 20.78460884094
20.80865287781 20.80865287781
20.83266639709 20.83266639709
20.8566532135 20.8566532135
20.88061332703 20.88061332703
20.90454483032 20.90454483032
20.92844963074 20.92844963074
20.95232772827 20.95232772827
20.97617721558 20.97617721558
21 21
21.02379608154 21.02379608154
21.04756546021 21.04756546021
21.07130813599 21.07130813599
21.09502220154 21.09502220154
21.11871147156 21.11871147156
21.1423740387 21.1423740387
21.16600990295 21.16600990295
21.18962097168 21.18962097168
21.21320343018 21.21320343018
21.23676109314 21.23676109314
21.26029205322 21.26029205322
21.28379631042 21.28379631042
21.30727577209 21.30727577209
21.33072853088 21.33072853088
21.35415649414 21.35415649414
21.37755775452 21.37755775452
21.40093421936 21.40093421936
21.42428588867 21.42428588867
21.4476108551 21.4476108551
21.470911026 21.470911026
21.49418449402 21.49418449402
21.51743507385 21.51743507385
21.54065895081 21.54065895081
21.56385803223 21.56385803223
21.58703231812 21.58703231812
21.61018371582 21.61018371582
21.63330841064 21.63330841064
21.65640830994 21.65640830994
21.6794834137 21.6794834137
21.70253372192 21.70253372192
21.72556114197 21.72556114197
21.74856376648 21.74856376648
21.77154159546 21.77154159546
21.79449462891 21.79449462891
21.81742477417 21.81742477417
21.8403301239 21.8403301239
21.8632106781 21.8632106781
21.88606834412 21.88606834412
21.90890312195 21.90890312195
21.93171310425 21.93171310425
21.95449829102 21.95449829102
21.9772605896 21.9772605896
22 22
22.02271461487 22.02271461487
22.0454082489 22.0454082489
22.0680770874 22.0680770874
22.09072113037 22.09072113037
22.1133441925 22.1133441925
22.13594436646 22.13594436646
22.15851974487 22.15851974487
22.18107223511 22.18107223511
22.20360374451 22.20360374451
22.22611045837 22.22611045837
22.24859619141 22.24859619141
22.27105712891 22.27105712891
22.29349708557 22.29349708557
22.31591415405 22.31591415405
22.33830833435 22.33830833435
22.36067962646 22.36067962646
22.38302993774 22.38302993774
22.40535736084 22.40535736084
22.42766189575 22.42766189575
22.44994354248 22.44994354248
22.47220420837 22.47220420837
22.49444389343 22.49444389343
22.51666069031 22.51666069031
22.538854599 22.538854599
22.56102752686 22.56102752686
22.58317947388 22.58317947388
22.60530853271 22.60530853271
22.62741661072 22.62741661072
22.64950370789 22.64950370789
22.67156791687 22.67156791687
22.69361114502 22.69361114502
22.71563339233 22.71563339233
22.73763465881 22.73763465881
22.75961303711 22.75961303711
22.78157234192 22.78157234192
22.80350875854 22.80350875854
22.82542419434 22.82542419434
22.84731864929 22.84731864929
22.86919403076 22.86919403076
22.89104652405 22.89104652405
22.9128780365 22.9128780365
22.93469047546 22.93469047546
22.95648002625 22.95648002625
22.97825050354 22.97825050354
23 23
23.02172851562 23.02172851562
23.04343795776 23.04343795776
23.06512451172 23.06512451172
23.08679199219 23.08679199219
23.10844039917 23.10844039917
23.13006782532 23.13006782532
23.15167427063 23.15167427063
23.17325973511 23.17325973511
23.1948261261 23.1948261261
23.2163734436 23.2163734436
23.23789978027 23.23789978027
23.25940704346 23.25940704346
23.28089332581 23.28089332581
23.30236053467 23.30236053467
23.3238067627 23.3238067627
23.34523582458 23.34523582458
23.36664199829 23.36664199829
23.38803100586 23.38803100586
23.40939903259 23.40939903259
23.43074989319 23.43074989319
23.4520778656 23.4520778656
23.47338867188 23.47338867188
23.49468040466 23.49468040466
23.51595115662 23.51595115662
23.53720474243 23.53720474243
23.55843734741 23.55843734741
23.57965278625 23.57965278625
23.60084724426 23.60084724426
23.62202453613 23.62202453613
23.64318084717 23.64318084717
23.66431999207 23.66431999207
23.68543815613 23.68543815613
23.70653915405 23.70653915405
23.72762107849 23.72762107849
23.74868392944 23.74868392944
23.76972770691 23.76972770691
23.79075431824 23.79075431824
23.81176185608 23.81176185608
23.83275032043 23.83275032043
23.85372161865 23.85372161865
23.87467193604 23.87467193604
23.89560699463 23.89560699463
23.91652107239 23.91652107239
23.93741798401 23.93741798401
23.95829772949 23.95829772949
23.97915840149 23.97915840149
24 24
24.02082443237 24.02082443237
24.04162979126 24.04162979126
24.06241798401 24.06241798401
24.08318901062 24.08318901062
24.10394096375 24.10394096375
24.12467575073 24.12467575073
24.14539337158 24.14539337158
24.16609191895 24.16609191895
24.18677330017 24.18677330017
24.20743751526 24.20743751526
24.22808265686 24.22808265686
24.24871063232 24.24871063232
24.26932144165 24.26932144165
24.28991508484 24.28991508484
24.31049156189 24.31049156189
24.3310508728 24.3310508728
24.35159111023 24.35159111023
24.37211608887 24.37211608887
24.39262199402 24.39262199402
24.41311073303 24.41311073303
24.43358421326 24.43358421326
24.45403862 24.45403862
24.4744758606 24.4744758606
24.49489784241 24.49489784241
24.51530075073 24.51530075073
24.53568840027 24.53568840027
24.55605888367 24.55605888367
24.57641220093 24.57641220093
24.59674835205 24.59674835205
24.61706733704 24.61706733704
24.63736915588 24.63736915588
24.65765571594 24.65765571594
24.67792510986 24.67792510986
24.69817733765 24.69817733765
24.71841430664 24.71841430664
24.7386341095 24.7386341095
24.75883674622 24.75883674622
24.77902412415 24.77902412415
24.79919433594 24.79919433594
24.81934738159 24.81934738159
24.83948516846 24.83948516846
24.85960578918 24.85960578918
24.87971115112 24.87971115112
24.89979934692 24.89979934692
24.91987228394 24.91987228394
24.93992805481 24.93992805481
24.95996856689 24.95996856689
24.97999191284 24.97999191284
25 25
25.01999282837 25.01999282837
25.0399684906 25.0399684906
25.05992889404 25.05992889404
25.07987213135 25.07987213135
25.09980010986 25.09980010986
25.11971282959 25.11971282959
25.13961029053 25.13961029053
25.15949058533 25.15949058533
25.17935752869 25.17935752869
25.19920539856 25.19920539856
25.21903991699 25.21903991699
25.23885917664 25.23885917664
25.25866127014 25.25866127014
25.27845001221 25.27845001221
25.29822158813 25.29822158813
25.31797790527 25.31797790527
25.33771896362 25.33771896362
25.35744476318 25.35744476318
25.37715530396 25.37715530396
25.39685058594 25.39685058594
25.41653060913 25.41653060913
25.43619537354 25.43619537354
25.45584487915 25.45584487915
25.47547912598 25.47547912598
25.49509811401 25.49509811401
25.51470184326 25.51470184326
25.53429031372 25.53429031372
25.55386543274 25.55386543274
25.57342338562 25.57342338562
25.59296798706 25.59296798706
25.61249732971 25.61249732971
25.63201141357 25.63201141357
25.65151023865 25.65151023865
25.67099571228 25.67099571228
25.69046592712 25.69046592712
25.70992088318 25.70992088318
25.72936058044 25.72936058044
25.74878692627 25.74878692627
25.76819801331 25.76819801331
25.78759384155 25.78759384155
25.80697631836 25.80697631836
25.82634353638 25.82634353638
25.84569549561 25.84569549561
25.86503410339 25.86503410339
25.88435745239 25.88435745239
25.90366744995 25.90366744995
25.92296218872 25.92296218872
25.94224357605 25.94224357605
25.96150970459 25.96150970459
25.98076248169 25.98076248169
26 26
26.01922416687 26.01922416687
26.03843307495 26.03843307495
26.05762863159 26.05762863159
26.07680892944 26.07680892944
26.09597587585 26.09597587585
26.11512947083 26.11512947083
26.13426780701 26.13426780701
26.15339279175 26.15339279175
26.17250442505 26.17250442505
26.19160079956 26.19160079956
26.21068572998 26.21068572998
26.22975349426 26.22975349426
26.24880981445 26.24880981445
26.26785087585 26.26785087585
26.28687858582 26.28687858582
26.30589294434 26.30589294434
26.32489395142 26.32489395142
26.34387969971 26.34387969971
26.36285209656 26.36285209656
26.38181114197 26.38181114197
26.40075683594 26.40075683594
26.41968917847 26.41968917847
26.43860816956 26.43860816956
26.4575138092 26.4575138092
26.47640419006 26.47640419006
26.49528312683 26.49528312683
26.51414680481 26.51414680481
26.5329990387 26.5329990387
26.55183601379 26.55183601379
26.57065963745 26.57065963745
26.58947181702 26.58947181702
26.60826873779 26.60826873779
26.62705421448 26.62705421448
26.64582443237 26.64582443237
26.66458320618 26.66458320618
26.68332862854 26.68332862854
26.70206069946 26.70206069946
26.7207775116 26.7207775116
26.73948478699 26.73948478699
26.75817680359 26.75817680359
26.77685546875 26.77685546875
26.79552268982 26.79552268982
26.8141746521 26.8141746521
26.83281517029 26.83281517029
26.85144233704 26.85144233704
26.87005805969 26.87005805969
26.88865852356 26.88865852356
26.90724754333 26.90724754333
26.92582321167 26.92582321167
26.94438743591 26.94438743591
26.96293830872 26.96293830872
26.98147583008 26.98147583008
27 27
27.01851272583 27.01851272583
27.03701210022 27.03701210022
27.05549812317 27.05549812317
27.07397270203 27.07397270203
27.09243392944 27.09243392944
27.11088371277 27.11088371277
27.12932014465 27.12932014465
27.1477432251 27.1477432251
27.16615486145 27.16615486145
27.18455505371 27.18455505371
27.20294189453 27.20294189453
27.22131538391 27.22131538391
27.2396774292 27.2396774292
27.25802612305 27.25802612305
27.2763633728 27.2763633728
27.29468727112 27.29468727112
27.31299972534 27.31299972534
27.33130073547 27.33130073547
27.34958839417 27.34958839417
27.36786460876 27.36786460876
27.38612747192 27.38612747192
27.40437889099 27.40437889099
27.42261886597 27.42261886597
27.4408454895 27.4408454895
27.45906066895 27.45906066895
27.47726249695 27.47726249695
27.49545478821 27.49545478821
27.51363372803 27.51363372803
27.53179931641 27.53179931641
27.54995536804 27.54995536804
27.56809806824 27.56809806824
27.58622932434 27.58622932434
27.604347229 27.604347229
27.62245368958 27.62245368958
27.6405506134 27.6405506134
27.65863418579 27.65863418579
27.67670440674 27.67670440674
27.69476509094 27.69476509094
27.71281242371 27.71281242371
27.73084831238 27.73084831238
27.74887466431 27.74887466431
27.76688766479 27.76688766479
27.78488731384 27.78488731384
27.80287742615 27.80287742615
27.82085609436 27.82085609436
27.83882141113 27.83882141113
27.85677719116 27.85677719116
27.87471961975 27.87471961975
27.89265060425 27.89265060425
27.910572052 27.910572052
27.92848014832 27.92848014832
27.94637680054 27.94637680054
27.96426200867 27.96426200867
27.98213768005 27.98213768005
28 28
28.01785087585 28.01785087585
28.03569221497 28.03569221497
28.05352020264 28.05352020264
28.07133674622 28.07133674622
28.08914375305 28.08914375305
28.1069393158 28.1069393158
28.1247215271 28.1247215271
28.14249420166 28.14249420166
28.16025543213 28.16025543213
28.17800521851 28.17800521851
28.19574356079 28.19574356079
28.21347236633 28.21347236633
28.23118782043 28.23118782043
28.24889373779 28.24889373779
28.26658821106 28.26658821106
28.28427124023 28.28427124023
28.30194282532 28.30194282532
28.31960487366 28.31960487366
28.33725547791 28.33725547791
28.35489463806 28.35489463806
28.37252235413 28.37252235413
28.3901386261 28.3901386261
28.40774536133 28.40774536133
28.42534065247 28.42534065247
28.44292449951 28.44292449951
28.46049880981 28.46049880981
28.47806167603 28.47806167603
28.49561309814 28.49561309814
28.51315498352 28.51315498352
28.5306854248 28.5306854248
28.548204422 28.548204422
28.56571388245 28.56571388245
28.5832118988 28.5832118988
28.60069847107 28.60069847107
28.61817550659 28.61817550659
28.63564300537 28.63564300537
28.65309715271 28.65309715271
28.67054176331 28.67054176331
28.68797683716 28.68797683716
28.70540046692 28.70540046692
28.72281265259 28.72281265259
28.74021530151 28.74021530151
28.7576084137 28.7576084137
28.77499008179 28.77499008179
28.79236030579 28.79236030579
28.80972099304 28.80972099304
28.82707023621 28.82707023621
28.84440994263 28.84440994263
28.8617401123 28.8617401123
28.87905883789 28.87905883789
28.89636611938 28.89636611938
28.91366386414 28.91366386414
28.93095207214 28.93095207214
28.94822883606 28.94822883606
28.96549606323 28.96549606323
28.98275375366 28.98275375366
29 29
29.01723670959 29.01723670959
29.0344619751 29.0344619751
29.05167770386 29.05167770386
29.06888389587 29.06888389587
29.0860786438 29.0860786438
29.10326385498 29.10326385498
29.12043952942 29.12043952942
29.13760375977 29.13760375977
29.15476036072 29.15476036072
29.17190361023 29.17190361023
29.18903923035 29.18903923035
29.20616340637 29.20616340637
29.22327804565 29.22327804565
29.24038314819 29.24038314819
29.25747680664 29.25747680664
29.27456283569 29.27456283569
29.29163742065 29.29163742065
29.30870246887 29.30870246887
29.325756073 29.325756073
29.34280204773 29.34280204773
29.35983657837 29.35983657837
29.37686157227 29.37686157227
29.39387702942 29.39387702942
29.41088294983 29.41088294983
29.42787742615 29.42787742615
29.44486427307 29.44486427307
29.4618396759 29.4618396759
29.47880554199 29.47880554199
29.49576187134 29.49576187134
29.51270866394 29.51270866394
29.5296459198 29.5296459198
29.54657363892 29.54657363892
29.56349182129 29.56349182129
29.58039855957 29.58039855957
29.59729766846 29.59729766846
29.61418533325 29.61418533325
29.63106536865 29.63106536865
29.64793395996 29.64793395996
29.66479301453 29.66479301453
29.6816444397 29.6816444397
29.69848442078 29.69848442078
29.71531677246 29.71531677246
29.73213768005 29.73213768005
29.7489490509 29.7489490509
29.76575279236 29.76575279236
29.78254508972 29.78254508972
29.79932975769 29.79932975769
29.81610298157 29.81610298157
29.83286857605 29.83286857605
29.84962272644 29.84962272644
29.86636924744 29.86636924744
29.88310623169 29.88310623169
29.8998336792 29.8998336792
29.91654968262 29.91654968262
29.93325996399 29.93325996399
29.94995880127 29.94995880127
29.96664810181 29.96664810181
29.9833278656 29.9833278656
30 30
30.01666259766 30.01666259766
30.03331565857 30.03331565857
30.04995918274 30.04995918274
30.06659317017 30.06659317017
30.08321762085 30.08321762085
30.09983444214 30.09983444214
30.11643981934 30.11643981934
30.13303756714 30.13303756714
30.14962768555 30.14962768555
30.16620635986 30.16620635986
30.18277740479 30.18277740479
30.19933700562 30.19933700562
30.21588897705 30.21588897705
30.23243331909 30.23243331909
30.24896621704 30.24896621704
30.2654914856 30.2654914856
30.28200721741 30.28200721741
30.29851531982 30.29851531982
30.31501197815 30.31501197815
30.33150100708 30.33150100708
30.34798240662 30.34798240662
30.36445236206 30.36445236206
30.38091468811 30.38091468811
30.39736747742 30.39736747742
30.41381263733 30.41381263733
30.4302482605 30.4302482605
30.44667434692 30.44667434692
30.46309280396 30.46309280396
30.47950172424 30.47950172424
30.49590110779 30.49590110779
30.51229286194 30.51229286194
30.52867507935 30.52867507935
30.54504776001 30.54504776001
30.56141281128 30.56141281128
30.57777023315 30.57777023315
30.59411621094 30.59411621094
30.61045646667 30.61045646667
30.62678527832 30.62678527832
30.64310646057 30.64310646057
30.65942001343 30.65942001343
30.67572402954 30.67572402954
30.69201850891 30.69201850891
30.70830535889 30.70830535889
30.72458267212 30.72458267212
30.74085235596 30.74085235596
30.75711250305 30.75711250305
30.77336502075 30.77336502075
30.78960800171 30.78960800171
30.80584335327 30.80584335327
30.82206916809 30.82206916809
30.83828735352 30.83828735352
30.85449790955 30.85449790955
30.87069892883 30.87069892883
30.88689041138 30.88689041138
30.90307426453 30.90307426453
30.91925048828 30.91925048828
30.93541717529 30.93541717529
30.95157432556 30.95157432556
30.96772575378 30.96772575378
30.98386764526 30.98386764526
31 31
31.01612472534 31.01612472534
31.03224182129 31.03224182129
31.04834938049 31.04834938049
31.0644493103 31.0644493103
31.08053970337 31.08053970337
31.09662437439 31.09662437439
31.11269760132 31.11269760132
31.1287651062 31.1287651062
31.14482307434 31.14482307434
31.16087341309 31.16087341309
31.17691421509 31.17691421509
31.1929473877 31.1929473877
31.20897293091 31.20897293091
31.22499084473 31.22499084473
31.2409992218 31.2409992218
31.25699996948 31.25699996948
31.27299118042 31.27299118042
31.28897476196 31.28897476196
31.30495262146 31.30495262146
31.32091903687 31.32091903687
31.33687973022 31.33687973022
31.35283088684 31.35283088684
31.36877441406 31.36877441406
31.38471031189 31.38471031189
31.40063667297 31.40063667297
31.41655540466 31.41655540466
31.43246650696 31.43246650696
31.44836997986 31.44836997986
31.46426582336 31.46426582336
31.48015213013 31.48015213013
31.4960308075 31.4960308075
31.51190185547 31.51190185547
31.52776527405 31.52776527405
31.54362106323 31.54362106323
31.55946731567 31.55946731567
31.57530593872 31.57530593872
31.59113883972 31.59113883972
31.60696220398 31.60696220398
